((2679, 2682), (4, 4))
((1264, 1531), (4, 4))
((368, 1194), (4, 4))
((2223, 2224), (4, 4))
((1381, 1794), (4, 4))
((2225, 583), (4, 4))
((1071, 1257), (4, 4))
((177, 1639), (4, 4))
((560, 774), (4, 4))
((1135, 1257), (4, 4))
((1071, 1135), (4, 4))
((284, 583), (4, 4))
((94, 2490), (0, 4))
((1846, 1867), (3, 3))
((177, 2682), (4, 4))
((688, 1257), (4, 4))
((428, 996), (4, 4))
((378, 602), (4, 4))
((2694, 2695), (4, 4))
((808, 924), (4, 4))
((982, 1091), (3, 3))
((2225, 284), (4, 4))
((2349, 1498), (3, 3))
((2679, 1639), (4, 4))
((2674, 2675), (4, 4))
((177, 2679), (4, 4))
((248, 1264), (4, 4))
((2376, 783), (4, 4))
((443, 1531), (4, 4))
((2673, 1257), (4, 4))
((2222, 2225), (4, 4))
((444, 488), (4, 4))
((1260, 1559), (4, 4))
((283, 1559), (4, 4))
((515, 623), (4, 4))
((2401, 2435), (4, 4))
((444, 582), (4, 4))
((726, 1533), (4, 4))
((89, 1585), (4, 4))
((443, 1264), (4, 4))
((2671, 2673), (4, 4))
((240, 512), (3, 3))
((428, 1257), (4, 4))
((248, 1531), (4, 4))
((529, 1417), (4, 4))
((2671, 1071), (4, 4))
((2336, 2524), (4, 4))
((2520, 1429), (4, 4))
((2671, 1533), (4, 4))
((2671, 1257), (4, 4))
((2678, 1257), (4, 4))
((2590, 1498), (3, 3))
((2697, 986), (3, 3))
((2662, 1001), (4, 4))
((2674, 1109), (4, 4))
((2518, 996), (4, 4))
((89, 1401), (4, 4))
((996, 1257), (4, 4))
((996, 1135), (4, 4))
((2678, 1135), (4, 4))
((2379, 2002), (4, 4))
((1350, 1443), (4, 4))
((2289, 444), (4, 4))
((1401, 1585), (4, 4))
((2677, 1257), (4, 4))
((22, 1702), (4, 4))
((194, 1451), (4, 4))
((2222, 284), (4, 4))
((368, 1545), (4, 4))
((2387, 1406), (4, 4))
((75, 2223), (4, 4))
((1, 2), (4, 4))
((1794, 1796), (4, 4))
((368, 996), (4, 4))
((2671, 726), (4, 4))
((922, 1406), (4, 4))
((2671, 1135), (4, 4))
((1437, 1688), (4, 4))
((2248, 428), (4, 4))
((2237, 2238), (4, 4))
((1194, 1366), (4, 4))
((422, 545), (4, 4))
((2382, 814), (4, 4))
((798, 1795), (4, 4))
((512, 756), (3, 3))
((75, 2224), (4, 4))
((2260, 1419), (4, 4))
((837, 1422), (4, 4))
((245, 782), (4, 4))
((1206, 1257), (4, 4))
((444, 828), (4, 4))
((2564, 1451), (4, 4))
((2123, 91), (4, 4))
((2677, 956), (4, 4))
((177, 726), (4, 4))
((2675, 1109), (4, 4))
((2679, 1257), (4, 4))
((783, 893), (4, 4))
((1, 652), (4, 4))
((761, 1443), (4, 4))
((368, 428), (4, 4))
((588, 698), (4, 4))
((2670, 2679), (4, 4))
((1472, 1692), (3, 3))
((368, 1366), (4, 4))
((1094, 1653), (4, 4))
((2671, 1688), (4, 4))
((278, 1185), (3, 3))
((2518, 1257), (4, 4))
((94, 2355), (0, 4))
((33, 286), (4, 4))
((2248, 1366), (4, 4))
((2290, 1207), (4, 4))
((428, 2671), (4, 4))
((94, 195), (0, 0))
((2249, 2518), (4, 4))
((1230, 1342), (4, 4))
((2186, 756), (0, 3))
((429, 863), (4, 0))
((2518, 1135), (4, 4))
((2465, 515), (4, 4))
((258, 1153), (4, 4))
((248, 1964), (4, 4))
((2671, 2672), (4, 4))
((2483, 2484), (4, 3))
((638, 924), (4, 4))
((240, 756), (3, 3))
((2248, 996), (4, 4))
((2248, 1257), (4, 4))
((258, 1094), (4, 4))
((2671, 1109), (4, 4))
((148, 381), (4, 4))
((2248, 2249), (4, 4))
((385, 2484), (4, 3))
((2548, 582), (4, 4))
((2662, 1318), (4, 4))
((804, 1307), (4, 4))
((194, 2564), (4, 4))
((2248, 1071), (4, 4))
((756, 1472), (3, 3))
((2670, 837), (4, 4))
((2671, 1206), (4, 4))
((89, 258), (4, 4))
((91, 1046), (4, 4))
((2376, 1428), (4, 4))
((339, 813), (4, 4))
((91, 330), (4, 4))
((2376, 1061), (4, 4))
((2671, 2675), (4, 4))
((2299, 1795), (4, 4))
((89, 1087), (4, 4))
((89, 884), (4, 4))
((922, 1307), (4, 4))
((293, 2038), (3, 3))
((2564, 1380), (4, 4))
((2336, 1428), (4, 4))
((1795, 1796), (4, 4))
((638, 808), (4, 4))
((2661, 1318), (4, 4))
((2526, 560), (4, 4))
((12, 1318), (4, 4))
((2671, 2674), (4, 4))
((2123, 330), (4, 4))
((492, 2678), (4, 4))
((89, 1094), (4, 4))
((299, 2383), (4, 4))
((299, 1484), (4, 4))
((2670, 1194), (4, 4))
((75, 84), (4, 4))
((2187, 756), (3, 3))
((2248, 1135), (4, 4))
((2547, 515), (4, 4))
((2222, 2224), (4, 4))
((1202, 1428), (4, 4))
((903, 2031), (5, 5))
((856, 1390), (4, 4))
((444, 515), (4, 4))
((2249, 368), (4, 4))
((1109, 1533), (4, 4))
((377, 678), (3, 3))
((140, 623), (4, 4))
((492, 956), (4, 4))
((94, 675), (0, 4))
((1669, 1892), (0, 0))
((783, 1061), (4, 4))
((94, 934), (0, 4))
((798, 1794), (4, 4))
((2224, 2225), (4, 4))
((89, 1157), (4, 4))
((2240, 1530), (4, 4))
((2349, 1460), (3, 3))
((512, 1472), (3, 3))
((2248, 1545), (4, 4))
((381, 2518), (4, 4))
((2187, 1692), (3, 3))
((798, 1381), (4, 4))
((258, 1401), (4, 4))
((91, 2380), (4, 4))
((1429, 1534), (4, 4))
((442, 698), (4, 4))
((2039, 2042), (3, 3))
((2524, 1428), (4, 4))
((492, 1257), (4, 4))
((1234, 1703), (4, 4))
((240, 1472), (3, 3))
((963, 1141), (4, 4))
((1010, 1966), (4, 4))
((2187, 1472), (3, 3))
((1469, 1692), (3, 3))
((2249, 1257), (4, 4))
((2224, 284), (4, 4))
((2224, 583), (4, 4))
((662, 932), (3, 3))
((2289, 623), (4, 4))
((2248, 348), (4, 4))
((2464, 623), (4, 4))
((756, 1469), (3, 3))
((275, 1967), (4, 4))
((492, 688), (4, 4))
((2240, 1157), (4, 4))
((286, 698), (4, 4))
((2122, 91), (4, 4))
((963, 1417), (4, 4))
((29, 2645), (4, 4))
((2223, 284), (4, 4))
((2383, 1484), (4, 4))
((1192, 1621), (3, 3))
((256, 756), (3, 3))
((2383, 808), (4, 4))
((1428, 1429), (4, 4))
((2290, 444), (4, 4))
((2383, 893), (4, 4))
((442, 1051), (4, 4))
((2378, 1018), (4, 4))
((84, 2223), (4, 4))
((2250, 348), (4, 4))
((756, 1692), (3, 3))
((2290, 1102), (4, 4))
((761, 1401), (4, 4))
((1889, 1891), (4, 4))
((2336, 1202), (4, 4))
((529, 1419), (4, 4))
((1, 654), (4, 4))
((12, 2661), (4, 4))
((442, 588), (4, 4))
((1050, 1380), (4, 4))
((492, 1533), (4, 4))
((911, 1051), (4, 4))
((75, 2222), (4, 4))
((299, 2387), (4, 4))
((903, 2030), (5, 6))
((2563, 1050), (4, 4))
((194, 1050), (4, 4))
((444, 623), (4, 4))
((1094, 1369), (4, 4))
((84, 2224), (4, 4))
((2564, 1050), (4, 4))
((1050, 1230), (4, 4))
((217, 243), (4, 4))
((2248, 1138), (4, 4))
((148, 378), (4, 4))
((492, 2673), (4, 4))
((33, 588), (4, 4))
((33, 911), (4, 4))
((2464, 515), (4, 4))
((2549, 582), (4, 4))
((348, 1643), (4, 4))
((2387, 1510), (4, 4))
((2249, 2671), (4, 4))
((1185, 1460), (3, 3))
((2383, 924), (4, 4))
((2250, 1138), (4, 4))
((240, 1692), (3, 3))
((794, 863), (0, 0))
((828, 1795), (4, 4))
((1369, 1653), (4, 4))
((89, 1653), (4, 4))
((2524, 1202), (4, 4))
((2346, 1469), (3, 3))
((243, 2474), (4, 4))
((299, 2386), (4, 4))
((2248, 1461), (4, 4))
((2346, 2349), (3, 3))
((94, 1649), (0, 4))
((1794, 1795), (4, 4))
((1050, 1081), (4, 4))
((1639, 1688), (4, 4))
((740, 1002), (4, 3))
((1094, 1443), (4, 4))
((381, 2538), (4, 4))
((75, 2225), (4, 4))
((33, 1051), (4, 4))
((38, 863), (4, 0))
((12, 2662), (4, 4))
((512, 1692), (3, 3))
((1585, 1653), (4, 4))
((12, 1001), (4, 4))
((1102, 1207), (4, 4))
((75, 583), (4, 4))
((385, 2483), (4, 4))
((2520, 1428), (4, 4))
((2123, 2380), (4, 4))
((63, 1322), (4, 4))
((1469, 1498), (3, 3))
((2187, 172), (3, 3))
((2356, 934), (0, 4))
((2520, 1484), (4, 4))
((33, 2120), (4, 4))
((1514, 1692), (3, 3))
((172, 240), (3, 3))
((2186, 1692), (0, 3))
((2590, 1185), (3, 3))
((429, 794), (4, 0))
((2248, 837), (4, 4))
((1889, 2039), (4, 3))
((375, 2435), (4, 4))
((33, 698), (4, 4))
((2260, 1417), (4, 4))
((148, 602), (4, 4))
((2305, 2306), (3, 4))
((1153, 1401), (4, 4))
((2121, 2122), (4, 4))
((1015, 1481), (4, 4))
((2349, 1185), (3, 3))
((2122, 2123), (4, 4))
((982, 1458), (3, 3))
((2122, 1051), (4, 4))
((2349, 1469), (3, 3))
((2376, 1202), (4, 4))
((320, 348), (4, 4))
((43, 152), (4, 4))
((2240, 2399), (4, 4))
((82, 1138), (4, 4))
((2498, 1484), (4, 4))
((1428, 1534), (4, 4))
((2563, 1081), (4, 4))
((2382, 2383), (4, 4))
((33, 2121), (4, 4))
((38, 1160), (4, 3))
((1964, 1966), (4, 4))
((2401, 375), (4, 4))
((2346, 1692), (3, 3))
((2590, 1469), (3, 3))
((291, 1692), (3, 3))
((148, 2518), (4, 4))
((863, 1590), (0, 3))
((361, 2681), (4, 4))
((172, 512), (3, 3))
((2120, 665), (4, 4))
((1702, 1703), (4, 4))
((429, 2043), (4, 4))
((152, 2240), (4, 4))
((2387, 638), (4, 4))
((2465, 1102), (4, 4))
((2464, 2465), (4, 4))
((375, 2434), (4, 4))
((523, 949), (4, 4))
((2205, 788), (3, 3))
((2260, 529), (4, 4))
((166, 2617), (4, 4))
((140, 582), (4, 4))
((1050, 1342), (4, 4))
((2386, 1082), (4, 4))
((29, 963), (4, 4))
((431, 2694), (4, 4))
((22, 1703), (4, 4))
((89, 1530), (4, 4))
((172, 756), (3, 3))
((198, 1255), (4, 4))
((2297, 2299), (4, 4))
((2684, 1349), (4, 4))
((2262, 1015), (4, 4))
((431, 2695), (4, 4))
((209, 2681), (4, 4))
((2336, 1046), (4, 4))
((2431, 2432), (4, 4))
((2290, 2496), (4, 4))
((2349, 1692), (3, 3))
((320, 1597), (4, 3))
((2122, 196), (4, 4))
((1002, 2033), (3, 3))
((2587, 1046), (4, 4))
((2538, 492), (4, 4))
((2401, 2434), (4, 4))
((38, 429), (4, 4))
((788, 1031), (3, 3))
((2615, 2696), (4, 3))
((362, 1966), (4, 4))
((2464, 444), (4, 4))
((2434, 1087), (4, 4))
((443, 1966), (4, 4))
((86, 1336), (4, 4))
((2240, 1443), (4, 4))
((2248, 1255), (4, 4))
((488, 2547), (4, 4))
((43, 1653), (4, 4))
((2681, 1390), (4, 4))
((43, 963), (4, 4))
((2289, 2464), (4, 4))
((43, 2399), (4, 4))
((443, 1010), (4, 4))
((2564, 1379), (4, 4))
((2297, 1796), (4, 4))
((196, 442), (4, 4))
((453, 1806), (3, 3))
((2383, 814), (4, 4))
((1162, 1510), (4, 4))
((299, 2498), (4, 4))
((286, 442), (4, 4))
((2393, 1634), (4, 4))
((2536, 1307), (4, 4))
((2250, 1260), (4, 4))
((2250, 283), (4, 4))
((1082, 1534), (4, 4))
((48, 2041), (3, 3))
((2518, 2538), (4, 4))
((463, 1964), (4, 4))
((2122, 665), (4, 4))
((1046, 1510), (4, 4))
((1889, 1890), (4, 4))
((515, 1102), (4, 4))
((442, 627), (4, 4))
((2268, 733), (0, 0))
((86, 429), (4, 4))
((2399, 963), (4, 4))
((2291, 1265), (0, 4))
((2356, 675), (0, 4))
((433, 756), (3, 3))
((1369, 1530), (4, 4))
((245, 1162), (4, 4))
((84, 284), (4, 4))
((429, 1669), (4, 0))
((2263, 2490), (4, 4))
((217, 2474), (4, 4))
((172, 1692), (3, 3))
((340, 2463), (4, 4))
((217, 2473), (4, 4))
((1015, 1385), (4, 4))
((152, 884), (4, 4))
((43, 1530), (4, 4))
((893, 1051), (4, 4))
((503, 576), (3, 3))
((574, 576), (3, 3))
((788, 2033), (3, 3))
((2262, 1143), (4, 4))
((2268, 309), (0, 3))
((2399, 1443), (4, 4))
((1379, 1380), (4, 4))
((2130, 1891), (4, 4))
((94, 2263), (0, 4))
((1889, 1892), (4, 0))
((2130, 1890), (4, 4))
((1234, 1702), (4, 4))
((1202, 1510), (4, 4))
((2464, 828), (4, 4))
((48, 1031), (3, 3))
((2473, 2648), (4, 4))
((48, 2205), (3, 3))
((38, 862), (4, 4))
((2355, 2356), (4, 0))
((863, 1160), (0, 3))
((2290, 2464), (4, 4))
((22, 1234), (4, 4))
((2387, 1046), (4, 4))
((963, 1157), (4, 4))
((1015, 1143), (4, 4))
((677, 954), (4, 4))
((2130, 691), (4, 4))
((911, 1534), (4, 4))
((2120, 442), (4, 4))
((2120, 2040), (4, 4))
((33, 2040), (4, 4))
((2240, 963), (4, 4))
((2538, 1257), (4, 4))
((794, 1590), (0, 3))
((814, 893), (4, 4))
((2463, 1157), (4, 4))
((638, 893), (4, 4))
((2463, 584), (4, 4))
((2130, 1889), (4, 4))
((638, 783), (4, 4))
((463, 1966), (4, 4))
((2236, 2237), (4, 4))
((2268, 383), (0, 3))
((2123, 2003), (4, 3))
((2122, 627), (4, 4))
((2376, 911), (4, 4))
((893, 911), (4, 4))
((2383, 1051), (4, 4))
((43, 2400), (4, 4))
((788, 2041), (3, 3))
((429, 523), (4, 4))
((397, 879), (3, 3))
((2265, 984), (4, 4))
((450, 1569), (4, 4))
((247, 2583), (4, 4))
((271, 2498), (4, 4))
((1015, 1618), (4, 4))
((794, 1160), (0, 3))
((429, 1493), (4, 4))
((2464, 1207), (4, 4))
((194, 473), (4, 3))
((2130, 912), (4, 4))
((1349, 1634), (4, 4))
((1336, 2033), (4, 3))
((740, 2033), (4, 3))
((243, 2648), (4, 4))
((617, 705), (3, 4))
((2464, 1795), (4, 4))
((429, 2044), (4, 3))
((2238, 1969), (4, 4))
((2305, 1278), (3, 3))
((954, 1112), (4, 4))
((706, 805), (4, 4))
((963, 1094), (4, 4))
((2383, 588), (4, 4))
((2464, 1102), (4, 4))
((340, 584), (4, 4))
((733, 1818), (0, 3))
((258, 963), (4, 4))
((2238, 1702), (4, 4))
((473, 1575), (3, 3))
((1966, 1971), (4, 4))
((2464, 584), (4, 4))
((2681, 2683), (4, 4))
((1015, 1425), (4, 4))
((783, 1143), (4, 4))
((2399, 2434), (4, 4))
((66, 2631), (4, 4))
((2268, 1278), (0, 3))
((2376, 1143), (4, 4))
((271, 638), (4, 4))
((22, 2238), (4, 4))
((2623, 946), (4, 4))
((377, 1265), (3, 4))
((1702, 1966), (4, 4))
((789, 1240), (4, 4))
((89, 2463), (4, 4))
((2259, 2337), (4, 4))
((2416, 2417), (4, 4))
((1424, 1813), (3, 3))
((1702, 1971), (4, 4))
((429, 1889), (4, 4))
((2122, 2040), (4, 4))
((1015, 1068), (4, 4))
((2362, 442), (4, 4))
((33, 2119), (4, 3))
((2400, 963), (4, 4))
((2640, 1519), (3, 4))
((584, 623), (4, 4))
((2306, 2552), (4, 3))
((2294, 1141), (4, 4))
((1425, 1618), (4, 4))
((706, 1240), (4, 4))
((1240, 1702), (4, 4))
((2291, 715), (0, 4))
((94, 1966), (0, 4))
((397, 665), (3, 4))
((2238, 1703), (4, 4))
((2237, 1240), (4, 4))
((538, 1286), (4, 4))
((258, 1240), (4, 4))
((309, 383), (3, 3))
((39, 1965), (4, 4))
((2291, 377), (0, 3))
((984, 1068), (4, 4))
((375, 963), (4, 4))
((258, 2645), (4, 4))
((429, 2041), (4, 3))
((963, 1443), (4, 4))
((1569, 1966), (4, 4))
((1015, 1452), (4, 4))
((39, 2357), (4, 4))
((383, 733), (3, 0))
((1143, 1618), (4, 4))
((271, 1970), (4, 4))
((2238, 706), (4, 4))
((789, 1703), (4, 4))
((2306, 1278), (4, 3))
((2306, 453), (4, 3))
((1703, 1966), (4, 4))
((275, 805), (4, 4))
((271, 2387), (4, 4))
((243, 473), (4, 3))
((2401, 963), (4, 4))
((2393, 368), (4, 4))
((2001, 2003), (4, 3))
((2305, 309), (3, 3))
((1519, 1534), (4, 4))
((463, 1702), (4, 4))
((2248, 856), (4, 4))
((2259, 1436), (4, 5))
((1234, 1966), (4, 4))
((2289, 584), (4, 4))
((2680, 1522), (4, 4))
((2332, 1669), (0, 0))
((2645, 1443), (4, 4))
((151, 2236), (4, 4))
((2291, 733), (0, 0))
((2335, 627), (4, 4))
((2335, 2336), (4, 4))
((152, 2238), (4, 4))
((1240, 1443), (4, 4))
((2434, 963), (4, 4))
((1522, 1697), (4, 3))
((698, 1015), (4, 4))
((2130, 1261), (4, 4))
((2265, 1322), (4, 4))
((1703, 1971), (4, 4))
((2238, 2240), (4, 4))
((1015, 1519), (4, 4))
((1461, 1634), (4, 4))
((733, 862), (0, 4))
((2259, 1419), (4, 4))
((166, 271), (4, 4))
((2348, 576), (3, 3))
((2305, 1818), (3, 3))
((2305, 453), (3, 3))
((369, 385), (4, 4))
((733, 1265), (0, 4))
((1703, 1967), (4, 4))
((2357, 1846), (4, 3))
((2236, 1969), (4, 4))
((39, 1349), (4, 4))
((2297, 2298), (4, 4))
((1320, 1349), (4, 4))
((576, 665), (3, 4))
((148, 714), (4, 4))
((2121, 2001), (4, 4))
((1424, 1621), (3, 3))
((463, 1703), (4, 4))
((503, 2001), (3, 4))
((574, 2001), (3, 4))
((1703, 1969), (4, 4))
((22, 39), (4, 4))
((39, 1532), (4, 4))
((94, 733), (0, 0))
((2120, 2637), (4, 4))
((2684, 1320), (4, 4))
((2348, 2001), (3, 4))
((91, 2001), (4, 4))
((369, 2484), (4, 3))
((2380, 2001), (4, 4))
((94, 2357), (0, 4))
((2238, 627), (4, 4))
((1702, 1970), (4, 4))
((2355, 2357), (4, 4))
((39, 1522), (4, 4))
((706, 963), (4, 4))
((2123, 2001), (4, 4))
((432, 1597), (3, 3))
((429, 705), (4, 4))
((2464, 1530), (4, 4))
((2376, 813), (4, 4))
((1320, 1491), (4, 4))
((2259, 2335), (4, 4))
((2268, 2291), (0, 0))
((429, 1618), (4, 4))
((1703, 1968), (4, 4))
((2306, 1818), (4, 3))
((1703, 1970), (4, 4))
((2356, 2357), (0, 4))
((2001, 2044), (4, 3))
((2645, 706), (4, 4))
((1336, 1452), (4, 4))
((1050, 1320), (4, 4))
((1417, 1703), (4, 4))
((2238, 2239), (4, 4))
((963, 1703), (4, 4))
((2335, 1385), (4, 4))
((2268, 1160), (0, 3))
((82, 1634), (4, 4))
((151, 2335), (4, 4))
((2001, 2002), (4, 4))
((2379, 2001), (4, 4))
((151, 2238), (4, 4))
((733, 1160), (0, 3))
((733, 794), (0, 0))
((39, 1634), (4, 4))
((2335, 2001), (4, 4))
((2335, 1519), (4, 4))
((147, 1519), (3, 4))
((2291, 2292), (0, 4))
((2378, 2001), (4, 4))
((2348, 1692), (3, 3))
((377, 733), (3, 0))
((733, 1192), (0, 3))
((2335, 1481), (4, 4))
((946, 1966), (4, 4))
((678, 733), (3, 0))
((2236, 805), (4, 4))
((429, 2001), (4, 4))
((1050, 1569), (4, 4))
((733, 759), (0, 4))
((2211, 2356), (0, 0))
((805, 963), (4, 4))
((450, 2538), (4, 4))
((2263, 1015), (4, 4))
((1964, 1965), (4, 4))
((759, 1703), (4, 4))
((503, 1692), (3, 3))
((574, 1692), (3, 3))
((196, 429), (4, 4))
((733, 2035), (0, 3))
((1417, 1452), (4, 4))
((2648, 1532), (4, 4))
((1481, 1669), (4, 0))
((194, 2646), (4, 4))
((2332, 1481), (0, 4))
((48, 714), (3, 4))
((1050, 1634), (4, 4))
((1531, 1889), (4, 4))
((2130, 2249), (4, 4))
((2130, 430), (4, 4))
((714, 1385), (4, 4))
