((144, 145), (6, 6))
((1165, 1593), (6, 6))
((537, 1593), (6, 6))
((144, 1593), (6, 6))
((1119, 1462), (3, 3))
((145, 1593), (6, 6))
((2125, 2126), (3, 3))
((311, 690), (3, 3))
((145, 537), (6, 6))
((99, 123), (6, 6))
((213, 1593), (6, 6))
((537, 1165), (6, 6))
((1462, 1663), (3, 3))
((108, 1647), (6, 6))
((145, 213), (6, 6))
((1119, 1235), (3, 4))
((145, 1165), (6, 6))
((17, 927), (3, 3))
((2126, 1111), (3, 4))
((1119, 1663), (3, 3))
((546, 1608), (3, 3))
((2125, 1111), (3, 4))
((1093, 1271), (3, 3))
((144, 213), (6, 6))
((1111, 1119), (4, 3))
((2126, 1119), (3, 3))
((394, 1064), (4, 4))
((2577, 1663), (3, 3))
((1235, 1462), (4, 3))
((108, 2157), (6, 6))
((2124, 2126), (3, 3))
((295, 1177), (3, 3))
((150, 914), (3, 3))
((2127, 1119), (4, 3))
((307, 991), (6, 6))
((640, 765), (3, 3))
((2192, 213), (6, 6))
((2146, 1101), (3, 3))
((870, 1119), (3, 3))
((108, 2209), (6, 6))
((2456, 672), (5, 2))
((785, 1664), (3, 3))
((2129, 1111), (3, 4))
((2157, 1835), (6, 6))
((2127, 546), (4, 3))
((2420, 640), (3, 3))
((2367, 1598), (3, 3))
((2577, 1235), (3, 4))
((17, 1316), (3, 3))
((2128, 1119), (3, 3))
((927, 1316), (3, 3))
((2125, 1119), (3, 3))
((99, 122), (6, 6))
((26, 99), (6, 6))
((2702, 1536), (0, 0))
((2160, 1835), (6, 6))
((2124, 2125), (3, 3))
((2192, 537), (6, 6))
((2209, 1647), (6, 6))
((2513, 1684), (3, 3))
((2124, 1119), (3, 3))
((2159, 2160), (6, 6))
((144, 2192), (6, 6))
((26, 2455), (6, 6))
((2157, 2160), (6, 6))
((2126, 1608), (3, 3))
((2124, 2127), (3, 4))
((2157, 2158), (6, 6))
((23, 2159), (6, 6))
((2126, 1235), (3, 4))
((765, 1147), (3, 3))
((374, 846), (3, 3))
((402, 1932), (3, 3))
((2157, 2159), (6, 6))
((1228, 1536), (0, 0))
((1170, 1476), (6, 6))
((1090, 1147), (3, 3))
((395, 640), (3, 3))
((455, 1664), (3, 3))
((812, 1413), (3, 3))
((26, 123), (6, 6))
((123, 2455), (6, 6))
((2124, 1608), (3, 3))
((7, 208), (3, 3))
((1119, 1273), (3, 3))
((1111, 1273), (4, 3))
((26, 122), (6, 6))
((1300, 1933), (3, 3))
((2129, 1119), (3, 3))
((99, 2455), (6, 6))
((2126, 870), (3, 3))
((2351, 849), (4, 4))
((145, 2622), (6, 6))
((253, 1413), (3, 3))
((158, 180), (3, 3))
((2128, 2129), (3, 3))
((2486, 455), (3, 3))
((553, 1127), (3, 3))
((2126, 1273), (3, 3))
((2125, 1273), (3, 3))
((2146, 2148), (3, 3))
((186, 2702), (0, 0))
((872, 1340), (4, 3))
((26, 2454), (6, 6))
((122, 2455), (6, 6))
((2258, 1290), (3, 3))
((1945, 1947), (3, 3))
((122, 2454), (6, 6))
((404, 1170), (6, 6))
((1465, 1488), (3, 3))
((2129, 1273), (3, 3))
((1176, 1935), (3, 3))
((2160, 1698), (6, 6))
((2148, 1101), (3, 3))
((1462, 1611), (3, 3))
((310, 1241), (3, 3))
((2160, 1647), (6, 6))
((2146, 846), (3, 3))
((2351, 1129), (4, 4))
((17, 1315), (3, 3))
((2124, 1273), (3, 3))
((186, 1228), (0, 0))
((2124, 1611), (3, 3))
((273, 846), (3, 3))
((537, 1698), (6, 6))
((186, 1319), (0, 3))
((640, 894), (3, 3))
((186, 1536), (0, 0))
((15, 2367), (3, 3))
((311, 343), (3, 3))
((2207, 1200), (3, 3))
((507, 812), (3, 3))
((2599, 961), (3, 3))
((404, 1476), (6, 6))
((253, 507), (3, 3))
((1272, 1945), (3, 3))
((1147, 1865), (3, 3))
((2141, 1636), (3, 3))
((2486, 1684), (3, 3))
((2352, 1129), (4, 4))
((877, 1176), (3, 3))
((99, 2454), (6, 6))
((1356, 1613), (3, 3))
((776, 1413), (4, 3))
((374, 413), (3, 3))
((1504, 1647), (6, 6))
((311, 1865), (3, 3))
((2146, 2147), (3, 3))
((2146, 1242), (3, 3))
((295, 1176), (3, 3))
((14, 2077), (3, 3))
((799, 961), (3, 3))
((310, 1581), (3, 3))
((2371, 1147), (3, 3))
((316, 1297), (3, 3))
((186, 1672), (0, 0))
((1177, 1935), (3, 3))
((374, 1101), (3, 3))
((2599, 1728), (3, 3))
((877, 1413), (3, 3))
((180, 2037), (3, 3))
((681, 1445), (3, 3))
((2255, 225), (1, 1))
((2146, 374), (3, 3))
((507, 1413), (3, 3))
((1272, 1947), (3, 3))
((167, 1056), (3, 3))
((2482, 1056), (3, 3))
((477, 930), (3, 3))
((916, 1026), (3, 3))
((618, 938), (3, 3))
((640, 1090), (3, 3))
((877, 1177), (3, 3))
((899, 1858), (3, 3))
((1445, 1446), (3, 3))
((40, 1364), (3, 3))
((395, 1147), (3, 3))
((869, 1864), (3, 3))
((2676, 1439), (3, 3))
((877, 1935), (3, 3))
((669, 729), (3, 3))
((2148, 1242), (3, 3))
((2535, 1186), (3, 3))
((277, 553), (3, 3))
((1084, 1213), (3, 3))
((15, 1271), (3, 3))
((1101, 1242), (3, 3))
((2139, 2141), (3, 3))
((310, 1272), (3, 3))
((2367, 1090), (3, 3))
((2369, 2370), (3, 3))
((2437, 2438), (3, 3))
((1090, 1598), (3, 3))
((143, 316), (3, 3))
((786, 947), (4, 4))
((2147, 2486), (3, 3))
((212, 1290), (3, 3))
((251, 1413), (3, 3))
((310, 875), (3, 3))
((338, 1413), (3, 3))
((310, 1815), (3, 3))
((1300, 1940), (3, 3))
((273, 374), (3, 3))
((402, 776), (3, 4))
((2209, 1504), (6, 6))
((2351, 906), (4, 4))
((310, 1945), (3, 3))
((251, 1933), (3, 3))
((2147, 455), (3, 3))
((99, 2604), (6, 6))
((338, 1934), (3, 3))
((507, 1936), (3, 3))
((310, 892), (3, 3))
((1413, 1934), (3, 3))
((2149, 374), (3, 3))
((2150, 1378), (5, 2))
((380, 477), (3, 3))
((251, 1300), (3, 3))
((251, 253), (3, 3))
((1086, 1124), (3, 3))
((462, 1048), (3, 3))
((1413, 1936), (3, 3))
((2215, 457), (3, 3))
((2550, 1812), (3, 3))
((123, 2604), (6, 6))
((766, 845), (3, 3))
((729, 1221), (3, 3))
((2242, 2539), (3, 3))
((15, 1093), (3, 3))
((2147, 1664), (3, 3))
((310, 1947), (3, 3))
((310, 1331), (3, 3))
((2147, 374), (3, 3))
((961, 1728), (3, 3))
((254, 1211), (3, 3))
((445, 909), (3, 3))
((366, 553), (3, 3))
((1413, 1932), (3, 3))
((1327, 1328), (6, 6))
((1413, 1935), (3, 3))
((352, 1944), (3, 3))
((2367, 2369), (3, 3))
((51, 710), (3, 3))
((1063, 1518), (4, 4))
((182, 997), (3, 3))
((2367, 894), (3, 3))
((168, 2437), (3, 3))
((811, 855), (3, 3))
((2368, 2370), (3, 3))
((1129, 1518), (4, 4))
((2353, 906), (4, 4))
((681, 1446), (3, 3))
((167, 2482), (3, 3))
((402, 507), (3, 3))
((402, 1413), (3, 3))
((251, 812), (3, 3))
((598, 1875), (3, 3))
((2367, 2368), (3, 3))
((168, 2438), (3, 3))
((180, 791), (3, 3))
((1542, 1941), (3, 3))
((187, 1208), (4, 4))
((2574, 1186), (3, 3))
((2075, 775), (3, 3))
((15, 1090), (3, 3))
((2367, 1147), (3, 3))
((402, 1940), (3, 3))
((2539, 2540), (3, 3))
((2688, 1657), (3, 3))
((1316, 1679), (3, 3))
((1413, 1933), (3, 3))
((1147, 1598), (3, 3))
((2367, 1271), (3, 3))
((2075, 1020), (3, 3))
((2075, 2076), (3, 3))
((812, 1300), (3, 3))
((2063, 1326), (3, 3))
((402, 1936), (3, 3))
((2241, 2242), (3, 3))
((2351, 1064), (4, 4))
((366, 745), (3, 3))
((507, 1176), (3, 3))
((1554, 1657), (3, 3))
((17, 2140), (3, 3))
((766, 1868), (3, 3))
((2139, 1636), (3, 3))
((2688, 1554), (3, 3))
((1378, 1544), (2, 5))
((316, 1868), (3, 3))
((877, 1300), (3, 3))
((14, 2075), (3, 3))
((222, 821), (3, 3))
((394, 1063), (4, 4))
((2206, 1951), (3, 3))
((727, 1386), (3, 3))
((553, 745), (3, 3))
((380, 930), (3, 3))
((918, 1098), (3, 3))
((2353, 1129), (4, 4))
((1701, 1870), (3, 3))
((2667, 2668), (3, 3))
((310, 1946), (3, 3))
((2686, 1657), (3, 3))
((1542, 1943), (3, 3))
((2367, 765), (3, 3))
((44, 2624), (3, 3))
((2207, 2241), (3, 3))
((2351, 394), (4, 4))
((2140, 927), (3, 3))
((267, 670), (3, 3))
((2204, 1951), (3, 3))
((1932, 1936), (3, 3))
((316, 1073), (3, 3))
((21, 2310), (3, 3))
((1090, 1271), (3, 3))
((27, 2360), (3, 0))
((2703, 1298), (3, 3))
((2367, 1093), (3, 3))
((2075, 2077), (3, 3))
((2192, 495), (6, 6))
((2555, 1728), (3, 3))
((833, 1641), (3, 3))
((14, 158), (3, 3))
((2633, 1563), (3, 3))
((2495, 1130), (3, 3))
((766, 1297), (3, 3))
((2352, 1064), (4, 4))
((219, 1413), (3, 3))
((640, 1598), (3, 3))
((2687, 1554), (3, 3))
((1944, 1946), (3, 3))
((598, 766), (3, 3))
((150, 310), (3, 3))
((1213, 1290), (3, 3))
((200, 2676), (3, 3))
((745, 1127), (3, 3))
((390, 1108), (3, 3))
((380, 2569), (3, 3))
((495, 1327), (6, 6))
((394, 849), (4, 4))
((127, 2604), (6, 6))
((2500, 1567), (3, 3))
((495, 1328), (6, 6))
((2077, 1020), (3, 3))
((2161, 1327), (6, 6))
((2352, 577), (4, 4))
((1093, 1598), (3, 3))
((251, 507), (3, 3))
((2351, 577), (4, 4))
((1090, 1093), (3, 3))
((254, 507), (3, 3))
((507, 1300), (3, 3))
((622, 1952), (3, 3))
((2216, 421), (3, 3))
((2367, 2371), (3, 3))
((2601, 1488), (3, 3))
((577, 1063), (4, 4))
((2308, 531), (3, 0))
((2519, 1365), (3, 3))
((981, 1221), (3, 3))
((30, 2343), (3, 3))
((2367, 395), (3, 3))
((2354, 577), (4, 4))
((2160, 2161), (6, 6))
((2687, 2688), (3, 3))
((327, 928), (3, 3))
((1820, 1873), (3, 3))
((2495, 1641), (3, 3))
((2076, 180), (3, 3))
((875, 1945), (3, 3))
((1947, 1950), (3, 3))
((169, 1994), (3, 3))
((577, 1518), (4, 4))
((2570, 1386), (3, 3))
((51, 457), (3, 3))
((729, 1159), (3, 3))
((316, 845), (3, 3))
((150, 1942), (3, 3))
((653, 1231), (3, 3))
((577, 1129), (4, 4))
((14, 2668), (3, 3))
((746, 1303), (3, 3))
((394, 577), (4, 4))
((2508, 1300), (3, 3))
((78, 1418), (4, 4))
((200, 1439), (3, 3))
((310, 1948), (3, 3))
((2140, 1679), (3, 3))
((507, 1940), (3, 3))
((2160, 1328), (6, 6))
((2706, 1473), (3, 3))
((2692, 1310), (3, 3))
((2367, 2370), (3, 3))
((2531, 1026), (3, 3))
((27, 2578), (3, 0))
((2241, 500), (3, 3))
((577, 849), (4, 4))
((167, 2437), (3, 3))
((2508, 1941), (3, 3))
((2414, 1200), (3, 3))
((477, 2569), (3, 3))
((180, 790), (3, 3))
((2076, 2077), (3, 3))
((507, 1933), (3, 3))
((1300, 1941), (3, 3))
((2067, 1098), (3, 3))
((1300, 1542), (3, 3))
((790, 1548), (3, 3))
((482, 790), (3, 3))
((2241, 1503), (3, 3))
((1542, 1935), (3, 3))
((2063, 928), (3, 3))
((547, 1701), (3, 3))
((2653, 865), (0, 3))
((2243, 2244), (3, 3))
((1945, 1946), (3, 3))
((219, 1542), (3, 3))
((811, 900), (3, 3))
((2659, 967), (3, 3))
((2230, 606), (3, 0))
((1363, 1413), (3, 3))
((981, 1159), (3, 3))
((160, 2009), (3, 3))
((507, 1363), (3, 3))
((2667, 1020), (3, 3))
((2353, 577), (4, 4))
((2163, 1502), (3, 3))
((2630, 2699), (3, 3))
((2686, 1554), (3, 3))
((1247, 1679), (3, 3))
((1177, 1542), (3, 3))
((180, 1020), (3, 3))
((2555, 2599), (3, 3))
((598, 845), (3, 3))
((219, 507), (3, 3))
((517, 952), (5, 3))
((237, 2539), (3, 3))
((2534, 2535), (3, 3))
((2147, 658), (3, 3))
((577, 906), (4, 4))
((2707, 1473), (3, 3))
((1176, 1542), (3, 3))
((1092, 1106), (3, 3))
((2163, 1303), (3, 3))
((232, 869), (3, 3))
((1053, 1405), (3, 3))
((310, 1950), (3, 3))
((1096, 1633), (3, 3))
((2077, 486), (3, 3))
((316, 766), (3, 3))
((2569, 930), (3, 3))
((2360, 2578), (0, 0))
((2495, 833), (3, 3))
((507, 1211), (3, 3))
((2138, 944), (3, 3))
((310, 1944), (3, 3))
((1026, 1303), (3, 3))
((281, 1000), (3, 3))
((2509, 1365), (3, 3))
((2410, 2411), (3, 3))
((310, 990), (3, 3))
((2360, 606), (0, 0))
((700, 1691), (3, 3))
((2076, 2667), (3, 3))
((2243, 2246), (3, 0))
((713, 1044), (3, 3))
((1581, 1819), (3, 3))
((2555, 961), (3, 3))
((218, 781), (3, 3))
((1241, 1950), (3, 3))
((197, 231), (3, 3))
((2571, 1386), (3, 3))
((17, 24), (3, 3))
((1701, 1875), (3, 3))
((547, 598), (3, 3))
((611, 2690), (6, 6))
((311, 1132), (3, 3))
((51, 2215), (3, 3))
((2075, 2668), (3, 3))
((2625, 2626), (3, 3))
((1542, 1940), (3, 3))
((2509, 2519), (3, 3))
((486, 2667), (3, 3))
((1052, 1701), (3, 3))
((869, 1440), (3, 3))
((1272, 1950), (3, 3))
((577, 870), (4, 3))
((1413, 1542), (3, 3))
((877, 1542), (3, 3))
((2613, 1095), (3, 3))
((411, 1096), (3, 3))
((1059, 1600), (3, 3))
((2114, 2509), (3, 3))
((2543, 1000), (3, 3))
((1340, 1542), (3, 3))
((2706, 2707), (3, 3))
((396, 1988), (3, 3))
((27, 606), (3, 0))
((179, 231), (3, 3))
((1012, 1682), (4, 0))
((872, 1542), (4, 3))
((2636, 2693), (3, 3))
((2500, 722), (3, 3))
((2206, 1952), (3, 3))
((2539, 2632), (3, 3))
((2115, 2519), (3, 3))
((167, 168), (3, 3))
((310, 1949), (3, 3))
((2243, 1503), (3, 3))
((316, 1821), (3, 3))
((2075, 2667), (3, 3))
((229, 1053), (3, 3))
((2433, 1233), (2, 2))
((875, 914), (3, 3))
((474, 1181), (5, 5))
((1019, 1457), (3, 3))
((2570, 727), (3, 3))
((928, 1326), (3, 3))
((8, 1996), (3, 3))
((251, 1542), (3, 3))
((2508, 507), (3, 3))
((2477, 2006), (3, 3))
((21, 1043), (3, 5))
((669, 1086), (3, 3))
((776, 1542), (4, 3))
((2339, 1191), (3, 3))
((1066, 1574), (3, 3))
((180, 775), (3, 3))
((482, 1807), (3, 3))
((310, 352), (3, 3))
((1092, 1171), (3, 3))
((1662, 1666), (3, 3))
((2064, 1996), (3, 3))
((183, 997), (3, 3))
((486, 2668), (3, 3))
((2063, 1996), (3, 3))
((812, 1542), (3, 3))
((833, 1130), (3, 3))
((218, 1020), (3, 3))
((2301, 2008), (3, 3))
((874, 1701), (3, 3))
((229, 1405), (3, 3))
((2534, 729), (3, 3))
((948, 1682), (0, 0))
((872, 1413), (4, 3))
((2534, 1159), (3, 3))
((598, 1297), (3, 3))
((51, 2213), (3, 3))
((548, 1523), (1, 0))
((2247, 972), (3, 3))
((1944, 1945), (3, 3))
((24, 201), (3, 3))
((232, 1864), (3, 3))
((207, 833), (3, 3))
((1340, 1413), (3, 3))
((2409, 716), (2, 3))
((159, 2308), (3, 3))
((159, 180), (3, 3))
((598, 1870), (3, 3))
((2534, 605), (3, 3))
((2066, 1098), (3, 3))
((1815, 1950), (3, 3))
((892, 1950), (3, 3))
((2064, 327), (3, 3))
((186, 2580), (0, 0))
((411, 1488), (3, 3))
((1299, 1701), (3, 3))
((669, 1124), (3, 3))
((1701, 1876), (3, 3))
((338, 1542), (3, 3))
((1054, 1605), (3, 3))
((2245, 2246), (3, 0))
((2243, 2245), (3, 3))
((2283, 1382), (3, 3))
((281, 1347), (3, 3))
((875, 1950), (3, 3))
((1221, 1949), (3, 3))
((2204, 2521), (3, 3))
((1809, 1810), (3, 3))
((746, 2006), (3, 3))
((2241, 1957), (3, 3))
((2361, 606), (3, 0))
((1819, 1948), (3, 3))
((2148, 509), (3, 3))
((649, 1457), (3, 3))
((2067, 1477), (3, 3))
((598, 637), (3, 3))
((598, 1864), (3, 3))
((402, 1542), (3, 3))
((336, 1944), (3, 3))
((2065, 2066), (3, 3))
((2601, 2609), (3, 3))
((2115, 386), (3, 3))
((1542, 1936), (3, 3))
((2634, 2636), (3, 3))
((8, 281), (3, 3))
((531, 606), (0, 0))
((722, 1567), (3, 3))
((1465, 1799), (3, 3))
((2533, 1201), (0, 3))
((507, 1941), (3, 3))
((972, 1000), (3, 3))
((24, 2139), (3, 3))
((511, 549), (3, 3))
((1951, 1952), (3, 3))
((2339, 1558), (3, 3))
((267, 2373), (3, 3))
((962, 1062), (3, 3))
((968, 1986), (1, 3))
((745, 2009), (3, 3))
((2063, 327), (3, 3))
((2141, 2142), (3, 3))
((2580, 1536), (0, 0))
((1347, 1997), (3, 3))
((2634, 2635), (3, 3))
((2308, 2559), (3, 3))
((482, 1812), (3, 3))
((2213, 710), (3, 3))
((2076, 218), (3, 3))
((1508, 1894), (3, 3))
((509, 1101), (3, 3))
((1946, 1950), (3, 3))
((2118, 229), (3, 3))
((2580, 1228), (0, 0))
((598, 1821), (3, 3))
((598, 1299), (3, 3))
((8, 269), (3, 3))
((316, 920), (3, 3))
((2146, 509), (3, 3))
((182, 183), (3, 3))
((1440, 1701), (3, 3))
((2114, 386), (3, 3))
((1701, 1859), (3, 3))
((2244, 281), (3, 3))
((316, 598), (3, 3))
((1340, 1943), (3, 3))
((298, 1325), (3, 3))
((51, 2214), (3, 3))
((899, 1055), (3, 3))
((791, 2034), (3, 4))
((2246, 2247), (0, 3))
((2501, 1874), (3, 3))
((44, 2701), (3, 3))
((2586, 1375), (5, 5))
((2339, 2340), (3, 3))
((2246, 1595), (0, 3))
((1937, 1938), (3, 3))
((968, 1603), (1, 3))
((0, 1862), (3, 3))
((281, 746), (3, 3))
((179, 197), (3, 3))
((1876, 1986), (3, 3))
((2579, 972), (3, 3))
((875, 1942), (3, 3))
((297, 899), (3, 3))
((2230, 938), (3, 3))
((622, 1951), (3, 3))
((2308, 482), (3, 3))
((24, 2141), (3, 3))
((1948, 1950), (3, 3))
((1502, 1503), (3, 3))
((1171, 1855), (3, 3))
((599, 1093), (3, 3))
((335, 1986), (3, 3))
((598, 869), (3, 3))
((231, 387), (3, 3))
((336, 1950), (3, 3))
((1200, 1502), (3, 3))
((2114, 2519), (3, 3))
((1944, 1950), (3, 3))
((2214, 1201), (3, 3))
((2139, 2140), (3, 3))
((2595, 833), (3, 3))
((708, 836), (3, 3))
((2340, 1558), (3, 3))
((1701, 1868), (3, 3))
((2034, 2037), (4, 3))
((2117, 770), (3, 3))
((599, 1271), (3, 3))
((2065, 918), (3, 3))
((157, 2493), (3, 3))
((158, 2034), (3, 4))
((1098, 1477), (3, 3))
((288, 618), (3, 3))
((24, 1636), (3, 3))
((1542, 1931), (3, 3))
((411, 2609), (3, 3))
((2213, 421), (3, 3))
((598, 1573), (3, 3))
((218, 482), (3, 3))
((14, 2034), (3, 4))
((327, 1996), (3, 3))
((532, 1863), (3, 3))
((549, 1497), (3, 3))
((2624, 2701), (3, 3))
((1701, 1853), (3, 3))
((180, 1807), (3, 3))
((1812, 2034), (3, 4))
((1859, 1986), (3, 3))
((1075, 1124), (3, 3))
((1331, 1576), (3, 3))
((1701, 1864), (3, 3))
((2247, 2543), (3, 3))
((2065, 2067), (3, 3))
((2247, 281), (3, 3))
((553, 2009), (3, 3))
((19, 1939), (3, 3))
((2117, 386), (3, 3))
((345, 833), (3, 3))
((1083, 1450), (0, 3))
((199, 1869), (4, 3))
((143, 598), (3, 3))
((1811, 1822), (3, 3))
((997, 1837), (3, 3))
((2204, 1952), (3, 3))
((2118, 1894), (3, 3))
((770, 1894), (3, 3))
((974, 1496), (3, 3))
((710, 1392), (3, 3))
((169, 2706), (3, 3))
((2214, 2216), (3, 3))
((1405, 1508), (3, 3))
((298, 1095), (3, 3))
((2579, 1225), (3, 3))
((1701, 1877), (3, 3))
((833, 1678), (3, 3))
((1875, 1986), (3, 3))
((2063, 1325), (3, 3))
((2212, 1392), (3, 3))
((1054, 1577), (3, 3))
((639, 900), (3, 3))
((160, 745), (3, 3))
((2066, 1477), (3, 3))
((2610, 1049), (3, 3))
((205, 1869), (3, 3))
((277, 1869), (3, 3))
((1171, 1355), (3, 3))
((183, 1837), (3, 3))
((1000, 1325), (3, 3))
((2409, 1057), (2, 3))
((1295, 1987), (3, 3))
((1382, 1502), (3, 3))
((261, 1894), (3, 3))
((2493, 855), (3, 3))
((1807, 2034), (3, 4))
((1221, 1577), (3, 3))
((2216, 708), (3, 3))
((869, 1701), (3, 3))
((548, 1937), (1, 3))
((926, 1862), (3, 3))
((1986, 1994), (3, 3))
((835, 1121), (3, 3))
((2500, 1874), (3, 3))
((1567, 1874), (3, 3))
((962, 1809), (3, 3))
((2283, 575), (3, 3))
((1701, 1860), (3, 3))
((201, 297), (3, 3))
((622, 886), (3, 3))
((457, 1201), (3, 3))
((2215, 2216), (3, 3))
((1479, 1894), (3, 3))
((482, 1814), (3, 3))
((2430, 570), (3, 3))
((160, 277), (3, 3))
((625, 1024), (3, 3))
((2570, 1151), (3, 3))
((606, 1666), (0, 3))
((1542, 1939), (3, 3))
((1323, 1701), (3, 3))
((51, 1392), (3, 3))
((230, 549), (3, 3))
((2402, 2403), (1, 3))
((1191, 1558), (3, 3))
((327, 1325), (3, 3))
((232, 1986), (3, 3))
((994, 1329), (3, 3))
((2570, 2573), (3, 3))
((45, 2303), (3, 3))
((316, 2004), (3, 3))
((620, 923), (3, 3))
((13, 1810), (3, 3))
((2247, 1325), (3, 3))
((2501, 1321), (3, 3))
((1701, 1854), (3, 1))
((1986, 2004), (3, 3))
((962, 1808), (3, 3))
((1054, 1099), (3, 3))
((218, 2594), (3, 4))
((435, 486), (4, 3))
((2381, 1666), (3, 3))
((1810, 1822), (3, 3))
((2605, 1348), (3, 3))
((269, 2543), (3, 3))
((571, 1570), (3, 3))
((962, 1810), (3, 3))
((143, 1701), (3, 3))
((2338, 2555), (3, 3))
((2582, 1862), (3, 3))
((2664, 1438), (3, 3))
((218, 792), (3, 3))
((568, 1116), (3, 3))
((2541, 1591), (3, 3))
((2247, 2509), (3, 3))
((1701, 1858), (3, 3))
((1615, 1665), (3, 3))
((716, 1821), (3, 3))
((990, 1054), (3, 3))
((1099, 1577), (3, 3))
((287, 2705), (3, 3))
((160, 553), (3, 3))
((2216, 457), (3, 3))
((2191, 387), (3, 3))
((269, 321), (3, 3))
((607, 1664), (3, 3))
((40, 866), (3, 3))
((1054, 1950), (3, 3))
((2381, 1662), (3, 3))
((2606, 670), (3, 3))
((321, 1450), (3, 3))
((605, 1107), (3, 3))
((2115, 2117), (3, 3))
((1701, 1852), (3, 3))
((987, 1175), (3, 3))
((2212, 710), (3, 3))
((607, 1213), (3, 3))
((1121, 1810), (3, 3))
((1413, 1931), (3, 3))
((624, 1232), (0, 0))
((78, 1329), (4, 3))
((1542, 1607), (3, 3))
((2320, 1682), (3, 0))
((2501, 1106), (3, 3))
((722, 1874), (3, 3))
((178, 833), (3, 3))
((598, 968), (3, 1))
((229, 1894), (3, 3))
((1405, 1894), (3, 3))
((226, 1701), (3, 3))
((13, 1701), (3, 3))
((396, 1217), (3, 3))
((321, 1083), (3, 0))
((141, 2034), (3, 4))
((44, 1582), (3, 3))
((549, 1810), (3, 3))
((649, 1171), (3, 3))
((2077, 1704), (3, 3))
((1116, 1223), (3, 3))
((216, 1542), (3, 3))
((231, 232), (3, 3))
((2230, 482), (3, 3))
((30, 697), (3, 3))
((261, 1479), (3, 3))
((833, 2036), (3, 3))
((507, 1931), (3, 3))
((716, 1810), (3, 3))
((232, 1701), (3, 3))
((568, 1223), (3, 3))
((218, 1348), (3, 3))
((1062, 1810), (3, 3))
((157, 1870), (3, 3))
((2212, 708), (3, 3))
((2698, 1573), (3, 3))
((994, 1219), (3, 3))
((1870, 1986), (3, 3))
((2700, 1151), (3, 3))
((1701, 1855), (3, 3))
((1605, 1950), (3, 3))
((1810, 1821), (3, 3))
((230, 1095), (3, 3))
((1270, 2034), (3, 4))
((165, 2707), (3, 3))
((2140, 1301), (3, 3))
((2534, 620), (3, 3))
((2114, 1083), (3, 0))
((25, 2317), (3, 3))
((2241, 1191), (3, 3))
((598, 1473), (3, 3))
((1334, 1577), (3, 3))
((1225, 1450), (3, 3))
((1810, 1811), (3, 3))
((1665, 1701), (3, 3))
((1986, 1988), (3, 3))
((2117, 1894), (3, 3))
((1319, 2034), (3, 4))
((201, 570), (3, 3))
((1095, 1325), (3, 3))
((230, 1810), (3, 3))
((2097, 79), (0, 0))
((0, 2582), (3, 3))
((1701, 1872), (3, 3))
((281, 1382), (3, 3))
((27, 1810), (3, 3))
((1083, 1232), (0, 0))
((2403, 836), (3, 3))
((1810, 1823), (3, 3))
((2163, 1348), (3, 3))
((1106, 1874), (3, 3))
((2117, 1508), (3, 3))
((269, 418), (3, 3))
((2402, 781), (1, 3))
((1301, 1315), (3, 3))
((298, 607), (3, 3))
((1986, 2005), (3, 3))
((2117, 2118), (3, 3))
((579, 994), (3, 3))
((2509, 1987), (3, 3))
((511, 1810), (3, 3))
((2698, 1400), (3, 3))
((230, 1217), (3, 3))
((2233, 636), (0, 0))
((1873, 1986), (3, 3))
((0, 633), (3, 3))
((157, 1701), (3, 3))
((2398, 2493), (3, 3))
((1301, 1316), (3, 3))
((1334, 1542), (3, 3))
((1636, 1701), (3, 3))
((1334, 1941), (3, 3))
((2212, 2216), (3, 3))
((1810, 1820), (3, 3))
((2501, 1092), (3, 3))
((1055, 1577), (3, 3))
((416, 1701), (3, 3))
((218, 1382), (3, 3))
((1004, 1810), (3, 3))
((962, 1807), (3, 3))
((1808, 1810), (3, 3))
((2647, 1686), (4, 4))
((78, 1219), (4, 3))
((2412, 469), (3, 3))
((1477, 1542), (3, 3))
((215, 1986), (3, 3))
((1166, 1986), (3, 3))
((1171, 1295), (3, 3))
((835, 1654), (3, 3))
((1701, 1862), (3, 3))
((1701, 1820), (3, 3))
((165, 1473), (3, 3))
((267, 2000), (3, 3))
((335, 1701), (3, 3))
((231, 1868), (3, 3))
((568, 1810), (3, 3))
((1701, 1865), (3, 3))
((598, 2707), (3, 3))
((795, 1810), (3, 3))
((1986, 1987), (3, 3))
((1054, 1432), (3, 3))
((165, 2706), (3, 3))
((2303, 2541), (3, 3))
((835, 1810), (3, 3))
((886, 1400), (3, 3))
((343, 1701), (3, 3))
((1701, 1873), (3, 3))
((2501, 722), (3, 3))
((269, 2551), (3, 3))
((1810, 1814), (3, 3))
((445, 1434), (3, 3))
((1986, 2008), (3, 3))
((1986, 2007), (3, 3))
((1701, 1861), (3, 3))
((598, 1636), (3, 3))
((633, 1701), (3, 3))
((598, 1301), (3, 3))
((1299, 1810), (3, 3))
((40, 507), (3, 3))
((157, 598), (3, 3))
((722, 1273), (3, 3))
((2663, 1605), (3, 3))
((469, 620), (3, 3))
((2412, 1997), (3, 3))
((1014, 1558), (3, 3))
((2097, 2098), (0, 0))
((45, 2667), (3, 3))
((2570, 2572), (3, 3))
((2629, 692), (3, 3))
((2097, 522), (0, 4))
((45, 1986), (3, 3))
((1334, 1950), (3, 3))
((729, 1701), (3, 3))
((792, 1558), (3, 3))
((1241, 1701), (3, 3))
((2579, 1086), (3, 3))
((1453, 1701), (3, 3))
((2338, 1558), (3, 3))
((197, 2412), (3, 3))
((45, 1219), (3, 3))
((1574, 1986), (3, 3))
((1558, 1986), (3, 3))
((1075, 1701), (3, 3))
((598, 1107), (3, 3))
((297, 598), (3, 3))
((1049, 1432), (3, 3))
((45, 2668), (3, 3))
((1567, 1654), (3, 3))
((1049, 1894), (3, 3))
((835, 1134), (3, 3))
((1355, 1957), (3, 3))
((1334, 1701), (3, 3))
((1221, 1607), (3, 3))
((664, 1701), (3, 3))
((185, 297), (3, 3))
((948, 1395), (0, 0))
((598, 1823), (3, 3))
((962, 1665), (3, 3))
((637, 1641), (3, 3))
((201, 1701), (3, 3))
((160, 2000), (3, 3))
((1099, 1607), (3, 3))
((2663, 1432), (3, 3))
((2114, 2588), (3, 3))
((2176, 1382), (3, 3))
((24, 1701), (3, 3))
((179, 1986), (3, 3))
((918, 1542), (3, 3))
((1810, 1817), (3, 3))
((2398, 1662), (3, 3))
((1810, 1812), (3, 3))
((899, 1986), (3, 3))
((792, 1488), (3, 3))
((920, 1893), (3, 3))
((866, 1049), (3, 3))
((216, 1701), (3, 3))
((2602, 2603), (3, 3))
((2247, 1086), (3, 3))
((2580, 972), (0, 3))
((1654, 1952), (3, 3))
((1701, 1863), (3, 3))
((1987, 2004), (3, 3))
((261, 1701), (3, 3))
((1432, 1950), (3, 3))
((2555, 792), (3, 3))
((579, 1808), (3, 3))
((1986, 1990), (3, 2))
((482, 1810), (3, 3))
((2296, 1134), (3, 3))
((25, 1301), (3, 3))
((681, 1171), (3, 3))
((205, 1701), (3, 3))
((231, 1701), (3, 3))
((1434, 1986), (3, 3))
((201, 598), (3, 3))
((24, 598), (3, 3))
((510, 1171), (3, 3))
((521, 598), (3, 3))
((790, 1810), (3, 3))
((201, 2430), (3, 3))
((1095, 1810), (3, 3))
((1701, 1869), (3, 3))
((2582, 1166), (3, 3))
((633, 1866), (3, 3))
((2138, 548), (3, 1))
((1810, 1815), (3, 3))
((1581, 1810), (3, 3))
((1331, 1810), (3, 3))
((1986, 1997), (3, 3))
((215, 1701), (3, 3))
((2138, 598), (3, 3))
((1704, 1986), (3, 3))
((1479, 1701), (3, 3))
((1810, 1819), (3, 3))
((1701, 1874), (3, 3))
((849, 1993), (4, 3))
((1005, 1541), (3, 3))
((1095, 1986), (3, 3))
((792, 1986), (3, 3))
((235, 1701), (3, 3))
((2573, 1877), (3, 3))
((1107, 1810), (3, 3))
((1542, 1577), (3, 3))
((1497, 2034), (3, 4))
((1348, 1810), (3, 3))
((681, 1986), (3, 3))
((1986, 1996), (3, 3))
((1453, 1986), (3, 3))
((1654, 2034), (3, 4))
((180, 2004), (3, 3))
((566, 1986), (3, 3))
((1127, 1986), (3, 3))
((745, 1986), (3, 3))
((1986, 2006), (3, 3))
((411, 1577), (3, 3))
((673, 1986), (3, 3))
((1665, 2034), (3, 4))
((532, 1701), (3, 3))
((366, 1986), (3, 3))
((165, 598), (3, 3))
((1894, 2034), (3, 4))
((1576, 1810), (3, 3))
((2034, 2036), (4, 3))
((579, 1134), (3, 3))
((1986, 2009), (3, 3))
((2230, 2296), (3, 3))
((160, 1986), (3, 3))
((1986, 2000), (3, 3))
((1273, 2034), (3, 4))
((2163, 1073), (3, 3))
((1812, 1986), (3, 3))
((201, 1986), (3, 3))
((1986, 1993), (3, 3))
((990, 1542), (3, 3))
((351, 1810), (3, 3))
((1701, 1866), (3, 3))
((2243, 1107), (3, 3))
((352, 1294), (3, 3))
((1542, 1942), (3, 3))
((1212, 1701), (3, 3))
((1810, 1869), (3, 3))
((2471, 2493), (3, 3))
((230, 577), (3, 4))
((1986, 1992), (3, 3))
((297, 1542), (3, 3))
((1701, 1799), (3, 3))
((1301, 1542), (3, 3))
((158, 1701), (3, 3))
((2630, 1957), (3, 3))
((1026, 2034), (3, 4))
