((2660, 1673), (4, 3))
((118, 1690), (6, 5))
((506, 1352), (6, 0))
((895, 1913), (0, 0))
((483, 816), (5, 5))
((2069, 2070), (0, 0))
((2261, 718), (4, 0))
((255, 1343), (4, 4))
((2458, 499), (6, 6))
((120, 483), (5, 5))
((2162, 738), (3, 0))
((702, 1637), (6, 0))
((146, 897), (0, 0))
((2350, 1529), (4, 4))
((1614, 1671), (3, 4))
((591, 1078), (0, 0))
((712, 850), (6, 6))
((120, 514), (5, 5))
((591, 642), (0, 0))
((405, 738), (0, 0))
((146, 1907), (0, 4))
((120, 816), (5, 5))
((717, 1907), (0, 4))
((405, 1927), (0, 0))
((55, 1079), (4, 0))
((2104, 516), (3, 5))
((118, 1343), (6, 4))
((405, 1275), (0, 0))
((438, 787), (5, 4))
((446, 1507), (0, 0))
((210, 1079), (4, 0))
((438, 718), (5, 0))
((1906, 1907), (4, 4))
((1979, 1980), (5, 5))
((55, 210), (4, 4))
((2166, 1029), (5, 5))
((32, 518), (0, 3))
((816, 1980), (5, 5))
((41, 644), (6, 5))
((771, 1156), (0, 0))
((447, 2638), (6, 6))
((181, 1359), (6, 6))
((118, 1029), (6, 5))
((106, 2461), (6, 6))
((120, 2405), (5, 3))
((118, 255), (6, 4))
((93, 2151), (6, 6))
((897, 1907), (0, 4))
((118, 1507), (6, 0))
((514, 1978), (5, 5))
((436, 1979), (3, 5))
((539, 1616), (6, 6))
((93, 550), (6, 6))
((162, 1174), (4, 0))
((895, 1296), (0, 0))
((56, 447), (6, 6))
((55, 651), (4, 0))
((2112, 118), (6, 6))
((1275, 1468), (0, 0))
((93, 1495), (6, 6))
((93, 950), (6, 6))
((118, 2166), (6, 5))
((118, 446), (6, 0))
((702, 993), (6, 6))
((2457, 499), (6, 6))
((2553, 1911), (5, 5))
((897, 1152), (0, 0))
((1296, 1913), (0, 0))
((61, 1416), (0, 0))
((2099, 1526), (0, 0))
((1529, 1984), (4, 4))
((2405, 483), (3, 5))
((467, 1708), (0, 3))
((738, 1927), (0, 0))
((2405, 816), (3, 5))
((210, 1905), (4, 0))
((2457, 2458), (6, 6))
((2405, 1980), (3, 5))
((436, 1982), (3, 5))
((56, 412), (6, 6))
((2419, 497), (0, 0))
((2112, 1690), (6, 5))
((146, 1468), (0, 0))
((65, 2418), (0, 0))
((1110, 1120), (0, 0))
((116, 1076), (6, 6))
((2316, 1343), (3, 4))
((2280, 838), (0, 0))
((1507, 1645), (0, 3))
((2112, 255), (6, 4))
((1178, 1529), (4, 4))
((2405, 1979), (3, 5))
((2059, 146), (0, 0))
((55, 1983), (4, 0))
((1362, 1372), (6, 6))
((2069, 702), (0, 6))
((2134, 921), (6, 6))
((438, 1667), (5, 4))
((778, 1370), (6, 6))
((945, 1911), (1, 5))
((55, 60), (4, 0))
((1343, 1507), (4, 0))
((447, 1616), (6, 6))
((436, 483), (3, 5))
((2436, 1507), (4, 0))
((2394, 2395), (6, 6))
((436, 1980), (3, 5))
((305, 1927), (0, 0))
((57, 2418), (3, 0))
((1152, 1927), (0, 0))
((305, 1416), (0, 0))
((885, 2024), (5, 5))
((436, 1978), (3, 5))
((415, 851), (0, 0))
((2457, 2649), (6, 6))
((88, 415), (0, 0))
((2070, 702), (0, 6))
((55, 323), (4, 0))
((2425, 1341), (3, 0))
((2385, 1338), (4, 5))
((2135, 190), (6, 6))
((2179, 440), (0, 0))
((65, 543), (0, 0))
((56, 1616), (6, 6))
((42, 87), (6, 6))
((2069, 1377), (0, 5))
((2388, 1377), (5, 5))
((2394, 1399), (6, 6))
((955, 1914), (6, 6))
((436, 816), (3, 5))
((323, 2020), (0, 4))
((2229, 266), (3, 5))
((1359, 1464), (6, 6))
((1416, 1468), (0, 0))
((2350, 1178), (4, 4))
((2099, 2425), (0, 3))
((2059, 405), (0, 0))
((74, 1118), (0, 0))
((1058, 1195), (0, 0))
((2109, 1421), (6, 6))
((2385, 995), (4, 5))
((65, 2021), (0, 0))
((242, 279), (0, 0))
((415, 1174), (0, 0))
((2480, 1359), (6, 6))
((2553, 728), (5, 5))
((42, 1372), (6, 6))
((2109, 2110), (6, 6))
((2070, 1377), (0, 5))
((415, 2014), (0, 3))
((181, 1464), (6, 6))
((55, 771), (4, 0))
((467, 1172), (0, 0))
((955, 1482), (6, 6))
((518, 666), (3, 0))
((478, 514), (0, 5))
((465, 896), (6, 5))
((907, 1351), (6, 6))
((2112, 2436), (6, 4))
((478, 1978), (0, 5))
((454, 581), (5, 1))
((88, 162), (0, 4))
((438, 1985), (5, 4))
((2394, 1396), (6, 6))
((88, 1658), (0, 0))
((279, 838), (0, 0))
((262, 1351), (6, 6))
((436, 1332), (3, 0))
((436, 885), (3, 5))
((2102, 2385), (5, 4))
((2103, 2385), (5, 4))
((1332, 2024), (0, 5))
((2608, 1674), (6, 6))
((702, 822), (6, 5))
((1464, 1914), (6, 6))
((190, 491), (6, 6))
((1402, 1919), (6, 6))
((712, 1464), (6, 6))
((2341, 780), (4, 4))
((1074, 1676), (6, 6))
((1224, 1660), (0, 6))
((438, 1983), (5, 0))
((593, 1474), (4, 4))
((210, 1671), (4, 4))
((850, 1464), (6, 6))
((88, 851), (0, 0))
((702, 777), (6, 0))
((778, 1919), (6, 6))
((1529, 1908), (4, 4))
((88, 1288), (0, 6))
((885, 1039), (5, 5))
((2405, 1842), (3, 5))
((35, 1913), (0, 0))
((438, 1984), (5, 4))
((897, 1156), (0, 0))
((945, 1512), (1, 5))
((436, 1039), (3, 5))
((1178, 1984), (4, 4))
((659, 1803), (0, 0))
((1074, 1675), (6, 6))
((2480, 712), (6, 6))
((1464, 1482), (6, 6))
((1842, 1979), (5, 5))
((1708, 1857), (3, 3))
((120, 1842), (5, 5))
((55, 1156), (4, 0))
((666, 1850), (0, 0))
((2050, 1616), (6, 6))
((436, 668), (3, 5))
((88, 1174), (0, 0))
((354, 2453), (0, 0))
((262, 1464), (6, 6))
((1178, 1908), (4, 4))
((146, 1927), (0, 0))
((77, 659), (6, 0))
((1658, 2018), (0, 0))
((88, 737), (0, 5))
((478, 2024), (0, 5))
((61, 2162), (0, 3))
((1343, 1645), (4, 3))
((242, 838), (0, 0))
((74, 586), (0, 0))
((1218, 1927), (0, 0))
((2395, 724), (6, 6))
((300, 415), (5, 0))
((440, 895), (0, 0))
((2154, 1224), (6, 0))
((2304, 465), (3, 6))
((324, 827), (0, 3))
((702, 1368), (6, 5))
((891, 1674), (6, 6))
((755, 1277), (5, 3))
((164, 210), (0, 4))
((349, 2427), (5, 3))
((356, 1259), (4, 0))
((211, 356), (0, 4))
((35, 895), (0, 0))
((210, 1614), (4, 3))
((1842, 1980), (5, 5))
((2276, 1844), (3, 3))
((1110, 1224), (0, 0))
((2278, 850), (6, 6))
((2195, 1333), (0, 6))
((2425, 1526), (3, 0))
((440, 1296), (0, 0))
((285, 502), (3, 0))
((118, 2165), (6, 6))
((412, 1616), (6, 6))
((88, 1847), (0, 0))
((1351, 1592), (6, 6))
((851, 2018), (0, 0))
((2059, 1906), (0, 4))
((162, 1268), (4, 0))
((816, 1842), (5, 5))
((1435, 1927), (0, 0))
((465, 1403), (6, 3))
((724, 1344), (6, 3))
((2132, 1683), (6, 6))
((2388, 551), (5, 6))
((88, 2014), (0, 3))
((2395, 1396), (6, 6))
((1420, 1421), (6, 6))
((266, 578), (5, 5))
((118, 842), (6, 0))
((2153, 973), (4, 5))
((2229, 809), (3, 0))
((2418, 2021), (0, 0))
((55, 2020), (4, 4))
((285, 1999), (3, 3))
((88, 2012), (0, 3))
((1224, 1291), (0, 6))
((415, 737), (0, 5))
((440, 1913), (0, 0))
((1675, 1676), (6, 6))
((2261, 1474), (4, 4))
((87, 2164), (6, 6))
((2394, 724), (6, 6))
((1396, 1399), (6, 6))
((2154, 1587), (6, 6))
((1464, 1683), (6, 6))
((1085, 1421), (6, 6))
((88, 300), (0, 5))
((447, 1849), (6, 6))
((270, 1215), (0, 6))
((415, 966), (0, 0))
((349, 465), (5, 6))
((2102, 1912), (5, 0))
((2103, 1912), (5, 0))
((1370, 1919), (6, 6))
((1351, 1972), (6, 6))
((2396, 1420), (6, 6))
((2153, 1224), (4, 0))
((210, 1906), (4, 4))
((252, 2485), (5, 5))
((118, 581), (6, 1))
((436, 1977), (3, 3))
((471, 2013), (6, 6))
((1359, 1914), (6, 6))
((55, 787), (4, 4))
((666, 1973), (0, 6))
((65, 1156), (0, 0))
((2170, 1357), (1, 0))
((1291, 1660), (6, 6))
((2280, 242), (0, 0))
((1396, 1421), (6, 6))
((2388, 728), (5, 5))
((769, 1927), (0, 0))
((2154, 1291), (6, 6))
((2280, 279), (0, 0))
((2190, 2022), (6, 6))
((96, 2217), (6, 6))
((175, 596), (6, 6))
((35, 1296), (0, 0))
((2276, 868), (3, 3))
((1203, 1842), (0, 5))
((1616, 1849), (6, 6))
((74, 2419), (0, 0))
((181, 1683), (6, 6))
((2165, 1343), (6, 4))
((2059, 1435), (0, 0))
((1184, 1190), (5, 5))
((1296, 1911), (0, 5))
((1973, 1975), (6, 6))
((55, 2021), (4, 0))
((88, 1713), (0, 0))
((2394, 1085), (6, 6))
((2190, 454), (6, 5))
((32, 1850), (0, 0))
((1224, 1587), (0, 6))
((118, 454), (6, 5))
((2293, 921), (0, 6))
((682, 973), (6, 5))
((2137, 1487), (0, 6))
((279, 1195), (0, 0))
((2154, 1660), (6, 6))
((1675, 1914), (6, 6))
((398, 730), (3, 0))
((2278, 1359), (6, 6))
((490, 1879), (5, 5))
((2116, 1218), (0, 0))
((437, 1985), (0, 4))
((2110, 1421), (6, 6))
((2608, 1900), (6, 6))
((873, 1708), (0, 3))
((2136, 1655), (0, 0))
((88, 130), (0, 5))
((516, 1882), (5, 5))
((2156, 324), (0, 0))
((1849, 1914), (6, 6))
((415, 1847), (0, 0))
((2101, 702), (5, 6))
((270, 838), (0, 0))
((2562, 1036), (0, 0))
((65, 771), (0, 0))
((1163, 1402), (6, 6))
((88, 1394), (0, 5))
((2281, 1842), (5, 5))
((331, 2480), (6, 6))
((2314, 1708), (3, 3))
((651, 1667), (0, 4))
((454, 2022), (5, 6))
((88, 2011), (0, 3))
((1501, 1676), (6, 6))
((2649, 1915), (6, 6))
((772, 908), (6, 6))
((2344, 2475), (3, 3))
((514, 1882), (5, 5))
((304, 2423), (0, 6))
((436, 1981), (3, 0))
((270, 1195), (0, 0))
((440, 725), (0, 0))
((2227, 266), (5, 5))
((2194, 324), (0, 0))
((2227, 2228), (5, 6))
((210, 1907), (4, 4))
((77, 1803), (6, 0))
((728, 1070), (5, 2))
((300, 634), (5, 5))
((815, 2018), (0, 0))
((424, 436), (5, 3))
((2099, 868), (0, 3))
((2134, 1351), (6, 6))
((2608, 891), (6, 6))
((118, 2010), (6, 0))
((88, 1732), (0, 2))
((1474, 1908), (4, 4))
((436, 1494), (3, 5))
((164, 211), (0, 0))
((56, 1849), (6, 6))
((1525, 1973), (6, 6))
((41, 175), (6, 6))
((424, 1203), (5, 0))
((2485, 1370), (5, 6))
((1927, 1928), (0, 3))
((1674, 1914), (6, 6))
((907, 1916), (6, 6))
((1351, 1362), (6, 6))
((88, 841), (0, 3))
((596, 644), (6, 5))
((412, 1849), (6, 6))
((1309, 1741), (5, 3))
((325, 787), (4, 4))
((1487, 1501), (6, 6))
((815, 1344), (0, 3))
((1338, 1912), (5, 0))
((921, 1914), (6, 6))
((1224, 1525), (0, 6))
((266, 809), (5, 0))
((356, 2018), (4, 0))
((644, 728), (5, 5))
((995, 1912), (5, 0))
((41, 596), (6, 6))
((2178, 737), (5, 5))
((161, 2010), (0, 0))
((973, 2019), (5, 0))
((2280, 270), (0, 0))
((61, 2312), (0, 0))
((55, 815), (4, 0))
((738, 1080), (0, 3))
((868, 1341), (3, 0))
((382, 1203), (3, 0))
((528, 803), (5, 5))
((868, 1526), (3, 0))
((1592, 1914), (6, 6))
((88, 1741), (0, 3))
((32, 1973), (0, 6))
((437, 718), (0, 0))
((210, 1626), (4, 4))
((2164, 2217), (6, 6))
((61, 1080), (0, 3))
((161, 842), (0, 0))
((2162, 1080), (3, 3))
((304, 1172), (0, 0))
((1187, 1188), (0, 0))
((2342, 1259), (0, 0))
((2281, 2405), (5, 3))
((868, 988), (3, 3))
((989, 1507), (0, 0))
((88, 2015), (0, 6))
((2109, 1085), (6, 6))
((2178, 1309), (5, 5))
((2394, 1027), (6, 6))
((354, 659), (0, 0))
((2394, 1421), (6, 6))
((1370, 1525), (6, 6))
((539, 711), (6, 0))
((270, 279), (0, 0))
((1671, 1929), (4, 3))
((2304, 2385), (3, 4))
((1652, 1848), (0, 0))
((1914, 1919), (6, 6))
((2295, 1110), (0, 0))
((415, 1908), (0, 4))
((1402, 1972), (6, 6))
((98, 1521), (0, 0))
((2110, 1975), (6, 6))
((973, 1583), (5, 0))
((702, 779), (6, 6))
((728, 1296), (5, 0))
((1013, 1850), (0, 0))
((69, 1920), (6, 0))
((1131, 1215), (3, 6))
((779, 1914), (6, 6))
((2344, 1080), (3, 3))
((1309, 1677), (5, 5))
((211, 1394), (0, 5))
((2109, 1396), (6, 6))
((175, 2388), (6, 5))
((2109, 1975), (6, 6))
((304, 1857), (0, 3))
((2394, 2397), (6, 6))
((1410, 1655), (0, 0))
((1013, 1120), (0, 0))
((2188, 454), (5, 5))
((211, 1909), (0, 0))
((1309, 2015), (5, 6))
((2274, 1370), (0, 6))
((76, 88), (5, 0))
((630, 973), (3, 5))
((2195, 594), (0, 6))
((1268, 1929), (0, 3))
((711, 1285), (0, 0))
((2422, 847), (6, 6))
((37, 60), (5, 0))
((2227, 634), (5, 5))
((682, 1224), (6, 0))
((356, 498), (4, 4))
((868, 1844), (3, 3))
((868, 1195), (3, 0))
((2436, 989), (4, 0))
((989, 1645), (0, 3))
((1079, 1218), (0, 0))
((2194, 2195), (0, 0))
((31, 1594), (6, 5))
((88, 1908), (0, 4))
((651, 1984), (0, 4))
((1676, 1914), (6, 6))
((578, 1879), (5, 5))
((342, 1512), (1, 5))
((65, 2419), (0, 0))
((1914, 1915), (6, 6))
((1370, 1975), (6, 6))
((490, 1131), (5, 3))
((815, 1174), (0, 0))
((2099, 490), (0, 5))
((2593, 1741), (3, 3))
((2151, 1224), (6, 0))
((1013, 1845), (0, 5))
((779, 1592), (6, 6))
((2164, 2282), (6, 3))
((88, 2178), (0, 5))
((2228, 809), (6, 0))
((1661, 1851), (5, 6))
((211, 1908), (0, 4))
((2553, 1368), (5, 5))
((1368, 1911), (5, 5))
((2281, 1131), (5, 3))
((2485, 1792), (5, 3))
((92, 898), (6, 6))
((2194, 1120), (0, 0))
((274, 749), (0, 4))
((2178, 415), (5, 0))
((1288, 1309), (6, 5))
((3, 2544), (0, 0))
((1203, 1410), (0, 0))
((2010, 2016), (0, 0))
((2132, 1482), (6, 6))
((897, 1983), (0, 0))
((1131, 1930), (3, 0))
((2475, 1928), (3, 3))
((88, 2017), (0, 5))
((851, 1309), (0, 5))
((272, 2012), (5, 3))
((1402, 1482), (6, 6))
((838, 868), (0, 3))
((1074, 1501), (6, 6))
((1013, 1661), (0, 5))
((1362, 1914), (6, 6))
((88, 743), (0, 3))
((69, 604), (6, 6))
((1487, 1849), (6, 6))
((2110, 1085), (6, 6))
((1131, 1655), (3, 0))
((88, 2013), (0, 6))
((2193, 2194), (0, 0))
((149, 1080), (0, 3))
((818, 1999), (3, 3))
((1118, 1416), (0, 0))
((2485, 1592), (5, 6))
((415, 1677), (0, 5))
((1914, 1916), (6, 6))
((1120, 1583), (0, 0))
((880, 1013), (0, 0))
((2423, 518), (6, 3))
((349, 419), (5, 5))
((2228, 2395), (6, 6))
((2280, 1131), (0, 3))
((490, 1981), (5, 0))
((255, 1266), (4, 4))
((88, 1677), (0, 5))
((779, 1919), (6, 6))
((1224, 1583), (0, 0))
((149, 1416), (0, 0))
((895, 1187), (0, 0))
((1421, 1975), (6, 6))
((2189, 1926), (0, 0))
((2100, 830), (5, 6))
((415, 593), (0, 4))
((504, 1973), (6, 6))
((1357, 2025), (0, 0))
((2132, 1163), (6, 6))
((1583, 1995), (0, 3))
((414, 711), (6, 0))
((1676, 1975), (6, 6))
((502, 1976), (0, 6))
((1416, 1926), (0, 0))
((2116, 356), (0, 4))
((594, 663), (6, 6))
((2228, 2394), (6, 6))
((88, 498), (0, 4))
((76, 2018), (5, 0))
((1013, 1644), (0, 0))
((1013, 1843), (0, 0))
((2388, 945), (5, 1))
((2394, 2396), (6, 6))
((2100, 1184), (5, 5))
((880, 973), (0, 5))
((2282, 1351), (3, 6))
((2396, 504), (6, 6))
((74, 1416), (0, 0))
((1131, 1909), (3, 0))
((2457, 1917), (6, 6))
((1013, 1844), (0, 3))
((2467, 2468), (6, 6))
((116, 1501), (6, 6))
((725, 1137), (0, 0))
((354, 1803), (0, 0))
((778, 1914), (6, 6))
((437, 498), (0, 4))
((88, 696), (0, 3))
((252, 1973), (5, 6))
((1914, 1917), (6, 6))
((76, 2178), (5, 5))
((838, 1131), (0, 3))
((1224, 1341), (0, 0))
((749, 1333), (4, 6))
((2228, 1396), (6, 6))
((415, 1309), (0, 5))
((604, 1914), (6, 6))
((2136, 1671), (0, 4))
((2155, 280), (0, 0))
((604, 1351), (6, 6))
((242, 1131), (0, 3))
((2135, 2282), (6, 3))
((1224, 1370), (0, 6))
((175, 1914), (6, 6))
((149, 2025), (0, 0))
((771, 1080), (0, 3))
((2394, 1420), (6, 6))
((1333, 1973), (6, 6))
((2394, 471), (6, 6))
((506, 1918), (6, 6))
((1973, 1976), (6, 6))
((162, 1667), (4, 4))
((1402, 1616), (6, 6))
((2309, 1268), (3, 0))
((65, 1293), (0, 0))
((2394, 1174), (6, 0))
((279, 666), (0, 0))
((555, 1463), (3, 3))
((2071, 1435), (2, 0))
((2135, 175), (6, 6))
((1848, 1909), (0, 0))
((2156, 1224), (0, 0))
((1224, 1848), (0, 0))
((130, 2017), (5, 5))
((118, 1851), (6, 6))
((175, 955), (6, 6))
((1683, 1973), (6, 6))
((325, 1848), (4, 0))
((323, 498), (0, 4))
((88, 1309), (0, 5))
((778, 779), (6, 6))
((1526, 1879), (0, 5))
((2418, 1293), (0, 0))
((1677, 1908), (5, 4))
((2155, 539), (0, 6))
((779, 1370), (6, 6))
((1013, 1521), (0, 0))
((2025, 2028), (0, 3))
((436, 1131), (3, 3))
((88, 815), (0, 0))
((1013, 1675), (0, 6))
((2295, 1655), (0, 0))
((596, 1914), (6, 6))
((586, 1218), (0, 0))
((2177, 398), (3, 3))
((1224, 1526), (0, 0))
((778, 1224), (6, 0))
((2217, 175), (6, 6))
((1013, 1851), (0, 6))
((1203, 1215), (0, 6))
((644, 711), (5, 0))
((2100, 2101), (5, 5))
((1013, 1848), (0, 0))
((2189, 847), (0, 6))
((2050, 2485), (6, 5))
((2194, 214), (0, 0))
((2155, 2293), (0, 0))
((1377, 1840), (5, 5))
((1309, 1882), (5, 5))
((11, 1655), (0, 0))
((2102, 1309), (5, 5))
((2103, 1309), (5, 5))
((88, 2016), (0, 0))
((1224, 1975), (0, 6))
((2227, 1399), (5, 6))
((2309, 461), (3, 0))
((2178, 2024), (5, 5))
((461, 1203), (0, 0))
((32, 279), (0, 0))
((1309, 1338), (5, 5))
((204, 415), (0, 0))
((415, 1644), (0, 0))
((436, 498), (3, 4))
((69, 1013), (6, 0))
((88, 2394), (0, 6))
((2177, 644), (3, 5))
((2419, 1848), (0, 0))
((415, 1843), (0, 0))
((2178, 1979), (5, 5))
((1309, 1625), (5, 2))
((415, 818), (0, 3))
((2170, 2171), (1, 0))
((2152, 1224), (3, 0))
((827, 1999), (3, 3))
((149, 1655), (0, 0))
((69, 2189), (6, 0))
((1013, 1625), (0, 2))
((2136, 737), (0, 5))
((1655, 1842), (0, 5))
((2059, 718), (0, 0))
((252, 711), (5, 0))
((2105, 490), (5, 5))
((162, 323), (4, 0))
((2151, 2423), (6, 6))
((897, 1410), (0, 0))
((995, 1309), (5, 5))
((2195, 663), (0, 6))
((1927, 1929), (0, 3))
((1013, 1849), (0, 6))
((2384, 1655), (0, 0))
((181, 1013), (6, 0))
((2025, 2027), (0, 3))
((454, 1661), (5, 5))
((1266, 1984), (4, 4))
((1190, 1387), (5, 6))
((1482, 1973), (6, 6))
((1927, 1930), (0, 0))
((2152, 2385), (3, 4))
((2155, 1224), (0, 0))
((279, 502), (0, 0))
((130, 1982), (5, 5))
((1110, 2025), (0, 0))
((1013, 1464), (0, 6))
((725, 1652), (0, 0))
((581, 1616), (1, 6))
((779, 1973), (6, 6))
((1266, 1529), (4, 4))
((822, 1973), (5, 6))
((1914, 1920), (6, 0))
((2071, 755), (2, 5))
((437, 1495), (0, 6))
((437, 950), (0, 6))
((88, 1527), (0, 0))
((2467, 2017), (6, 5))
((454, 1917), (5, 6))
((61, 1309), (0, 5))
((1224, 1919), (0, 6))
((1174, 1912), (0, 0))
((1512, 2023), (5, 5))
((331, 1527), (6, 0))
((830, 1914), (6, 6))
((718, 1416), (0, 0))
((88, 1494), (0, 5))
((1120, 2025), (0, 0))
((415, 1527), (0, 0))
((1637, 1973), (0, 6))
((815, 2017), (0, 5))
((842, 2016), (0, 0))
((2309, 1399), (3, 6))
((1583, 2025), (0, 0))
((1224, 1851), (0, 6))
((37, 2427), (5, 3))
((1296, 1912), (0, 0))
((1013, 1583), (0, 0))
((210, 2309), (4, 3))
((1131, 1224), (3, 0))
((37, 1190), (5, 5))
((415, 1850), (0, 0))
((2274, 1527), (0, 0))
((490, 1309), (5, 5))
((2309, 1021), (3, 4))
((581, 1792), (1, 3))
((1399, 1501), (6, 6))
((41, 1914), (6, 6))
((908, 1013), (6, 0))
((1526, 1981), (0, 0))
((2071, 725), (2, 0))
((69, 1926), (6, 0))
((2395, 1501), (6, 6))
((1013, 1840), (0, 5))
((2155, 993), (0, 6))
((2485, 1851), (5, 6))
((279, 2423), (0, 6))
((323, 2022), (0, 6))
((1920, 1926), (0, 0))
((2018, 2019), (0, 0))
((1526, 1977), (0, 3))
((2155, 2295), (0, 0))
((1344, 1928), (3, 3))
((279, 304), (0, 0))
((88, 2010), (0, 0))
((586, 1224), (0, 0))
((498, 1652), (4, 0))
((2100, 803), (5, 5))
((2295, 897), (0, 0))
((87, 842), (6, 0))
((897, 1494), (0, 5))
((604, 1652), (6, 0))
((2156, 651), (0, 0))
((2388, 1914), (5, 6))
((2312, 1333), (0, 6))
((1525, 1914), (6, 6))
((2394, 504), (6, 6))
((2153, 2155), (4, 0))
((118, 1616), (6, 6))
((88, 1882), (0, 5))
((1487, 2017), (6, 5))
((490, 1463), (5, 3))
((252, 973), (5, 5))
((69, 1914), (6, 6))
((69, 1351), (6, 6))
((2109, 604), (6, 6))
((860, 1527), (2, 0))
((2422, 1920), (6, 0))
((2189, 454), (0, 5))
((2228, 1501), (6, 6))
((1013, 1293), (0, 0))
((60, 1527), (0, 0))
((2155, 1118), (0, 0))
((2165, 279), (6, 0))
((1013, 1847), (0, 0))
((2217, 2023), (6, 5))
((1224, 1732), (0, 2))
((2137, 1394), (0, 5))
((471, 1013), (6, 0))
((2137, 1671), (0, 4))
((74, 2155), (0, 0))
((651, 2023), (0, 5))
((490, 1973), (5, 6))
((2156, 2024), (0, 5))
((1013, 1842), (0, 5))
((2111, 711), (5, 0))
((2155, 586), (0, 0))
((779, 1224), (6, 0))
((827, 1039), (3, 5))
((2071, 2015), (2, 6))
((279, 2344), (0, 3))
((2155, 1152), (0, 0))
((1013, 1403), (0, 3))
((1652, 1972), (0, 6))
((651, 2024), (0, 5))
((2282, 816), (3, 5))
((2071, 1840), (2, 5))
((973, 2016), (5, 0))
((2071, 2016), (2, 0))
((651, 885), (0, 5))
((2112, 711), (6, 0))
((454, 973), (5, 5))
((2155, 1131), (0, 3))
((2282, 1131), (3, 3))
((2155, 749), (0, 4))
((506, 1013), (6, 0))
((2282, 1655), (3, 0))
((2071, 1592), (2, 6))
((2155, 1203), (0, 0))
((1539, 1914), (6, 6))
((2132, 1463), (6, 3))
((1905, 1914), (0, 6))
((1079, 1914), (0, 6))
((1485, 1914), (6, 6))
((1914, 1918), (6, 6))
((506, 1914), (6, 6))
