((52, 1467), (0, 0))
((2565, 2566), (3, 3))
((2172, 1467), (0, 0))
((1388, 964), (0, 0))
((95, 861), (0, 0))
((619, 239), (0, 0))
((1631, 2196), (0, 0))
((52, 2172), (0, 0))
((734, 964), (0, 0))
((734, 1388), (0, 0))
((2053, 52), (0, 0))
((2575, 1008), (0, 0))
((736, 1006), (0, 0))
((52, 1139), (0, 0))
((2056, 734), (0, 0))
((2234, 1515), (0, 0))
((95, 2181), (0, 0))
((734, 736), (0, 0))
((1580, 456), (0, 0))
((736, 964), (0, 0))
((736, 1388), (0, 0))
((734, 1006), (0, 0))
((6, 373), (0, 0))
((525, 456), (0, 0))
((1117, 2499), (0, 0))
((2197, 1388), (0, 0))
((434, 1524), (0, 0))
((992, 496), (0, 0))
((2049, 80), (0, 0))
((2197, 736), (0, 0))
((80, 257), (0, 0))
((2181, 2196), (0, 0))
((2197, 734), (0, 0))
((1588, 2333), (0, 0))
((525, 2172), (0, 0))
((2576, 1680), (0, 0))
((527, 81), (0, 0))
((1922, 1008), (0, 0))
((142, 456), (0, 0))
((861, 1397), (0, 0))
((1580, 2200), (0, 0))
((2056, 2311), (0, 0))
((95, 456), (0, 0))
((2266, 2267), (0, 0))
((2054, 1628), (0, 0))
((693, 334), (0, 0))
((1047, 2333), (0, 0))
((1580, 95), (0, 0))
((80, 1117), (0, 0))
((525, 142), (0, 0))
((2202, 736), (0, 0))
((525, 2180), (0, 0))
((2049, 142), (0, 0))
((2056, 100), (0, 0))
((2181, 142), (0, 0))
((1628, 1139), (0, 0))
((95, 2201), (0, 0))
((239, 1376), (0, 0))
((95, 2197), (0, 0))
((1693, 2408), (0, 0))
((81, 347), (0, 0))
((1693, 1524), (0, 0))
((736, 751), (0, 0))
((667, 456), (0, 0))
((736, 1841), (0, 0))
((1279, 901), (0, 0))
((95, 2200), (0, 0))
((2181, 2197), (0, 0))
((239, 1274), (0, 3))
((2054, 1139), (0, 0))
((2202, 734), (0, 0))
((2576, 2311), (0, 0))
((2566, 953), (3, 3))
((2219, 485), (0, 0))
((1628, 2172), (0, 0))
((2180, 257), (0, 0))
((2202, 751), (0, 0))
((734, 1841), (0, 0))
((525, 2182), (0, 0))
((1047, 1588), (0, 0))
((1628, 142), (0, 0))
((2056, 1841), (0, 0))
((734, 751), (0, 0))
((1693, 434), (0, 0))
((731, 901), (0, 0))
((2565, 953), (3, 3))
((2055, 1588), (0, 0))
((1628, 95), (0, 0))
((2180, 2182), (0, 0))
((2056, 1680), (0, 0))
((1139, 2182), (0, 0))
((2181, 1388), (0, 0))
((1631, 736), (0, 0))
((52, 2182), (0, 0))
((2219, 475), (0, 0))
((2057, 525), (0, 0))
((2053, 1628), (0, 0))
((95, 734), (0, 0))
((2266, 2321), (0, 0))
((2054, 456), (0, 0))
((964, 965), (0, 0))
((525, 1628), (0, 0))
((1042, 1925), (0, 0))
((2054, 525), (0, 0))
((1628, 1117), (0, 0))
((525, 2181), (0, 0))
((257, 1388), (0, 0))
((95, 736), (0, 0))
((2181, 2202), (0, 0))
((2172, 2182), (0, 0))
((2056, 2576), (0, 0))
((2057, 1628), (0, 0))
((525, 347), (0, 0))
((257, 964), (0, 0))
((81, 2180), (0, 0))
((315, 1921), (0, 0))
((2232, 315), (0, 0))
((2197, 965), (0, 0))
((1042, 373), (0, 0))
((1693, 965), (0, 0))
((2054, 95), (0, 0))
((6, 1042), (0, 0))
((1695, 276), (0, 0))
((731, 1279), (0, 0))
((95, 2182), (0, 0))
((2266, 2364), (0, 0))
((2203, 2330), (0, 0))
((2408, 434), (0, 0))
((2182, 1515), (0, 0))
((734, 2277), (0, 0))
((2499, 1524), (0, 0))
((1117, 434), (0, 0))
((1302, 1006), (0, 0))
((2051, 2364), (0, 0))
((2056, 1628), (0, 0))
((858, 2502), (0, 0))
((2074, 2181), (0, 0))
((2074, 95), (0, 0))
((2199, 2200), (0, 0))
((839, 485), (0, 0))
((1580, 2199), (0, 0))
((2347, 456), (0, 0))
((2199, 2201), (0, 0))
((95, 2183), (0, 0))
((95, 2199), (0, 0))
((2199, 901), (0, 0))
((525, 2183), (0, 0))
((2131, 2133), (0, 0))
((2199, 456), (0, 0))
((2073, 1602), (0, 0))
((2203, 731), (0, 0))
((2180, 2183), (0, 0))
((1693, 1391), (0, 0))
((544, 2347), (0, 0))
((1924, 942), (3, 3))
((1042, 1125), (0, 0))
((2133, 1695), (0, 0))
((2199, 731), (0, 0))
((839, 965), (0, 0))
((1042, 1517), (0, 0))
((544, 2199), (0, 0))
((2074, 2277), (0, 0))
((1042, 1047), (0, 0))
((81, 423), (0, 0))
((2052, 1042), (0, 0))
((347, 408), (0, 0))
((1602, 315), (0, 0))
((525, 408), (0, 0))
((527, 423), (0, 0))
((1540, 2054), (0, 0))
((6, 1602), (0, 0))
((544, 1580), (0, 0))
((2203, 1279), (0, 0))
((1540, 1628), (0, 0))
((315, 408), (0, 0))
((95, 693), (0, 0))
((347, 423), (0, 0))
((1042, 2333), (0, 0))
((2055, 2198), (0, 0))
((544, 456), (0, 0))
((2277, 839), (0, 0))
((2232, 1376), (0, 0))
((2182, 858), (0, 0))
((1042, 2073), (0, 0))
((95, 334), (0, 0))
((693, 763), (0, 0))
((315, 423), (0, 0))
((2219, 1838), (0, 0))
((2073, 901), (0, 0))
((2068, 861), (0, 0))
((95, 1838), (0, 0))
((525, 423), (0, 0))
((2182, 2232), (0, 0))
((2198, 751), (0, 0))
((2198, 964), (0, 0))
((2055, 1042), (0, 0))
((2052, 544), (0, 0))
((2056, 408), (0, 0))
((1540, 525), (0, 0))
((667, 2364), (0, 0))
((1042, 485), (0, 0))
((2072, 1602), (0, 0))
((734, 408), (0, 0))
((2182, 1838), (0, 0))
((2133, 276), (0, 0))
((2131, 2182), (0, 0))
((1841, 408), (0, 0))
((2108, 693), (3, 0))
((2054, 1602), (0, 0))
((95, 1535), (0, 0))
((2051, 1042), (0, 0))
((2182, 2198), (0, 0))
((2330, 861), (0, 0))
((2074, 1602), (0, 0))
((1602, 95), (0, 0))
((1602, 100), (0, 0))
((2133, 434), (0, 0))
((2055, 1628), (0, 0))
((2133, 2182), (0, 0))
((1042, 2198), (0, 0))
((2182, 2231), (0, 0))
((2054, 2133), (0, 0))
((1042, 901), (0, 0))
((2182, 239), (0, 0))
((2054, 1042), (0, 0))
((1042, 1628), (0, 0))
((2072, 2182), (0, 0))
